Time Log

Running HIV_5UTR extracts

Structures: 
[(635,989), (868,935), (713,749), (82,856), (822,830), (358,367), (889,932), (254,267), (874,887), (474,487), (950,963), (565,612), (362,380), (314,333), (734,755), (228,313), (22,171), (178,209), (211,982), (302,339), (37,107), (177,248), (770,937), (343,352), (239,250), (556,792), (613,949), (369,450), (451,468), (67,984), (562,615), (383,404), (98,152), (831,856), (39,66), (27,54), (791,819), (157,506), (9,999), (67,998), (399,439), (611,780), (539,836), (105,467), (489,851), (567,610), (944,957), (384,398), (756,773), (271,960), (511,561), (505,620), (490,830), (696,716), (280,300), (775,957), (783,838), (507,564), (407,468), (840,872), (249,378), (623,817), (504,538), (660,698), (120,159), (124,165), (316,357), (701,711), (625,767), (713,728), (176,223), (473,488), (713,729), (644,692), (305,449), (1,21), (793,817), (168,354)]


java -jar FuSSI.jar ../HIV_Sequences/HIV_rep_171_5UTR_400.fas 5UTR

Began: 16:46:26
RNAfold output required 2 sec: 16:46:27


Running complete HIV sequences 
Beging 17:19:53
RNAfold 
